NFL Coverage Responsibility — Test-Set Classification Report
================================================================
Overall Accuracy: 0.780542

                 precision    recall  f1-score   support

          35481       0.69      0.85      0.76      1440
          35634       0.65      0.91      0.76       957
          39985       0.63      0.97      0.76       448
          41233       0.65      0.91      0.76      1151
          42033       0.57      1.00      0.73       176
          42347       0.76      0.68      0.72      2060
          43293       0.57      0.89      0.70      1482
          44816       0.64      0.97      0.77       373
          44831       0.66      1.00      0.79        25
          44896       0.68      0.89      0.77       602
          45532       0.59      0.92      0.72       796
          46107       0.47      1.00      0.64        17
          46150       0.57      0.92      0.70       899
          46206       0.49      0.94      0.65       561
          46277       0.49      0.98      0.65       371
          47911       0.45      1.00      0.62       176
          47991       0.71      1.00      0.83       125
          52425       0.65      0.89      0.75       751
No_Matchup_Zone       0.99      0.72      0.83     18097

       accuracy                           0.78     30507
      macro avg       0.63      0.92      0.73     30507
   weighted avg       0.85      0.78      0.79     30507
